57,3
57,2
57,1
57,0
56,5
56,4
56,3
56,2
56,1
56,0
55,5
55,4
55,3
55,2
55,1
55,0
20,3
20,2
20,1
19,3
19,2
19,1
17,3
17,2
17,1
16,3
16,2
18,1
18,3
16,1
15,3
15,2
15,1
14,3
14,1
13,3
13,1
12,3
12,2
12,1
11,3
11,2
11,1
10,3
10,2
10,1
9,3
9,2
9,1
8,3
8,2
8,1
3,3
3,2
3,1
2,3
2,2
2,1
0,408
0,322
0,278
0,273
0,270
0,243
0,9
0,0
64,34
64,33
64,32
64,31
64,30
64,29
64,28
64,27
64,26
64,25
64,24
64,23
64,22
64,21
64,20
64,19
64,18
64,17
64,16
64,15
64,14
64,13
64,12
64,11
64,10
64,9
64,8
64,7
64,6
64,5
64,4
64,3
64,2
